apteka.ru:1710871352.9973695
magnit:1710871354.275269
telegram:1710871369.9181983
citi_link:1710871370.325602
akbarsa:1710871420.2170162
yota:1710871437.4398398
b_apteka:1710871438.4785924
pochtabank:1710871371.9488816
mt_free:1710871372.901774
megafon.tv:1710871117.4780993
totopizza:1710871438.9189894
zdesapteka:1710871439.369907
stockmann:1710871119.1778343
SberUslugi:1710871374.790806
victoria:1710871441.2350578
sunlight:1710871447.3639097
ok.ru:1710871443.075973
beerlogapizza:1710871443.6176937
wildberries:1710871447.9494073
tashirpizza:1710871448.4149964
my-shop:1710871448.8196576
bisonpizza:1710871449.1598814
magnitapteka:1710871449.4358244
kent:1710871449.698566
polyana1c:1710871127.0538855
citystarwear:1710871383.5989509
vardex:1710871384.029641
tinkoff:1710871450.1216211
vesnashop:1710871450.4353652
lentacom:1710871385.5492325
mygames:1710871435.805037
apteka-ot-sklada:1710871457.497831
markformelle:1710871451.9097285
telegram_by:0.0
green_by:0.0
ok.ru_by:0.0
sosedi_by:0.0
av.by_by:0.0
carte_by:0.0
delivio_by:0.0
wildberries_by:0.0
findclone_by:0.0
mygames_by:0.0
tinder_by:0.0
markformelle_by:0.0
marko_by:0.0
megatop_by:0.0
amihome_by:0.0
youla_by:0.0
